271.994  -57.928
277.074  -57.928
30.44  -36.084
40.6  -36.084
44.918  -36.084
55.078  -36.084
60.158  -45.99
60.158  -48.53
60.158  -51.07
60.158  -53.61
60.158  -56.15
60.158  -58.69
60.158  -61.23
60.158  -63.77
60.158  -66.31
60.158  -68.85
60.158  -71.39
60.158  -73.93
60.158  -76.47
60.158  -79.01
60.158  -81.55
75.398  -45.99
75.398  -48.53
75.398  -51.07
75.398  -53.61
75.398  -56.15
75.398  -58.69
75.398  -61.23
75.398  -63.77
75.398  -66.31
75.398  -68.85
75.398  -71.39
75.398  -73.93
75.398  -76.47
75.398  -79.01
75.398  -81.55
78.446  -84.09
88.606  -84.09
124.674  -19.574
124.674  -29.574
129.754  -61.484
129.754  -71.484
134.834  -19.574
134.834  -29.574
139.914  -61.484
139.914  -71.484
144.994  -19.574
144.994  -29.574
150.074  -61.484
150.074  -71.484
155.154  -19.574
155.154  -29.574
160.234  -61.484
160.234  -71.484
165.314  -19.574
165.314  -29.574
170.394  -61.484
170.394  -71.484
175.474  -19.574
175.474  -29.574
180.554  -61.484
180.554  -71.484
185.634  -19.574
185.634  -29.574
190.714  -61.484
190.714  -71.484
195.794  -19.574
195.794  -29.574
200.874  -61.484
200.874  -71.484
205.954  -19.574
205.954  -29.574
211.034  -61.484
211.034  -71.484
216.114  -19.574
216.114  -29.574
221.194  -61.484
221.194  -71.484
226.274  -19.574
226.274  -29.574
231.354  -61.484
231.354  -71.484
236.434  -19.574
236.434  -29.574
241.514  -61.484
241.514  -71.484
246.594  -19.574
246.594  -29.574
251.674  -61.484
251.674  -71.484
256.754  -19.574
256.754  -29.574
261.834  -61.484
261.834  -71.484
266.914  -19.574
266.914  -29.574
271.78  -74.422
271.78  -84.582
271.994  -61.484
271.994  -71.484
18.288  -40.894
18.288  -61.976
25.654  -40.894
25.654  -61.976
39.878  -87.122
42.418  -87.122
44.958  -87.122
47.498  -87.122
81.494  -20.844
81.494  -23.384
81.494  -25.924
84.034  -74.438
84.034  -76.978
84.034  -79.518
33.  -17.
45.72  -19.558
87.336  -19.32
87.336  -29.48
129.754  -33.29
129.754  -43.45
129.754  -47.768
129.754  -57.928
134.834  -33.29
134.834  -43.45
134.834  -47.768
134.834  -57.928
139.914  -33.29
139.914  -43.45
139.914  -47.768
139.914  -57.928
144.994  -33.29
144.994  -43.45
144.994  -47.768
144.994  -57.928
150.074  -33.29
150.074  -43.45
150.074  -47.768
150.074  -57.928
155.154  -33.29
155.154  -43.45
155.154  -47.768
155.154  -57.928
160.234  -33.29
160.234  -43.45
160.234  -47.768
160.234  -57.928
165.314  -33.29
165.314  -43.45
165.314  -47.768
165.314  -57.928
170.394  -33.29
170.394  -43.45
170.394  -47.768
170.394  -57.928
175.474  -33.29
175.474  -43.45
175.474  -47.768
175.474  -57.928
180.554  -33.29
180.554  -43.45
180.554  -47.768
180.554  -57.928
185.634  -33.29
185.634  -43.45
185.634  -47.768
185.634  -57.928
190.714  -33.29
190.714  -43.45
190.714  -47.768
190.714  -57.928
195.794  -33.29
195.794  -43.45
195.794  -47.768
195.794  -57.928
200.874  -33.29
200.874  -43.45
200.874  -47.768
200.874  -57.928
205.954  -33.29
205.954  -43.45
205.954  -47.768
205.954  -57.928
211.034  -33.29
211.034  -43.45
211.034  -47.768
211.034  -57.928
216.114  -33.29
216.114  -43.45
216.114  -47.768
216.114  -57.928
221.194  -33.29
221.194  -43.45
221.194  -47.768
221.194  -57.928
226.274  -33.29
226.274  -43.45
226.274  -47.768
226.274  -57.928
231.354  -33.29
231.354  -43.45
231.354  -47.768
231.354  -57.928
236.434  -33.29
236.434  -43.45
236.434  -47.768
236.434  -57.928
241.514  -33.29
241.514  -43.45
241.514  -47.768
241.514  -57.928
246.594  -33.29
246.594  -43.45
246.594  -47.768
246.594  -57.928
251.674  -33.29
251.674  -43.45
251.674  -47.768
251.674  -57.928
256.754  -33.29
256.754  -43.45
256.754  -47.768
256.754  -57.928
261.834  -33.29
261.834  -43.45
261.834  -47.768
261.834  -57.928
266.914  -33.29
266.914  -43.45
266.914  -47.768
266.914  -57.928
271.994  -33.29
271.994  -43.45
271.994  -47.768
277.074  -33.29
277.074  -43.45
277.074  -47.768
121.  -81.
267.97  -84.582
60.19  -38.06
75.43  -38.06
94.006  -24.4
94.006  -29.4
94.006  -34.4
94.006  -39.4
94.006  -44.4
94.006  -59.452
94.006  -64.452
94.006  -69.452
94.006  -74.452
94.006  -79.452
114.006  -24.4
114.006  -29.4
114.006  -34.4
114.006  -39.4
114.006  -44.4
114.006  -59.452
114.006  -64.452
114.006  -69.452
114.006  -74.452
114.006  -79.452
53.34  -24.892
65.786  -24.892
59.436  -30.226